V     E      gmin gmax gmed diam
-----------------------------------------------
10     8      0     5     1.6   4
20     28     0     6     2.8   6
30     101    1     11    6.7   4
40     134    3     10    6.7   4
50     259    5     18    10.4  3
60     371    7     22    12.4  3
70     497    6     25    14.2  3
80     646    9     29    16.1  3
90     851    10    30    18.9  3
100    1007   10    29    20.1  3
110    1169   12    30    21.3  3
120    1364   14    35    22.7  3
130    1719   15    42    26.4  3
140    1940   13    45    27.7  3
150    2186   14    43    29.1  3
160    2598   23    44    32.5  3
170    2915   21    50    34.3  3
180    3231   19    50    35.9  3
190    3563   23    55    37.5  3
200    3995   24    60    40.0  3
