[ordenado]
n   insertions   selections   mergesorts   heapsorts   quicksorts   countingsorts
-------------------------------------------------------------------------------
10000    0,002000    3,139998    0,027990    0,062006    0,025011    0,002999
15000    0,003011    6,889000    0,044989    0,095000    0,041006    0,005999
20000    0,004000    12,571001    0,060998    0,150003    0,056010    0,007010
25000    0,004997    19,782003    0,076992    0,173999    0,069013    0,010000
30000    0,004997    27,012084    0,093757    0,202278    0,073278    0,011239

[aleatorio]
n   insertions   selections   mergesorts   heapsorts   quicksorts   countingsorts
-------------------------------------------------------------------------------
10000    3,128000    3,130002    0,041011    0,063992    0,034000    0,005001
15000    7,515994    7,079002    0,070010    0,096999    0,056986    0,006000
20000    12,697000    12,983010    0,094008    0,126998    0,072000    0,008999
25000    20,827011    20,541004    0,111011    0,174001    0,090981    0,010999
30000    30,552364    28,244392    0,136038    0,195047    0,106212    0,013231

[reverso]
n   insertions   selections   mergesorts   heapsorts   quicksorts   countingsorts
-------------------------------------------------------------------------------
10000    6,509043    3,385009    0,028989    0,057000    0,028989    0,003000
15000    14,492007    7,502998    0,044001    0,087001    0,036009    0,005990
20000    25,248044    13,226001    0,062000    0,161998    0,051001    0,013000
25000    40,638989    21,989995    0,074999    0,155988    0,069999    0,010001
30000    65,286172    29,269897    0,090820    0,182589    0,078941    0,013192

[Quase ordenado]
n   insertions   selections   mergesorts   heapsorts   quicksorts   countingsorts
-------------------------------------------------------------------------------
10000    1,275997    3,119000    0,040004    0,061997    0,029011    0,003991
15000    2,805000    6,974001    0,061001    0,092999    0,044001    0,007000
20000    4,721996    12,508993    0,089991    0,136999    0,060991    0,008990
25000    7,731000    19,774007    0,112001    0,173009    0,077009    0,010000
30000    12,409102    27,588989    0,133133    0,201479    0,089715    0,016239
